                                                            
                                                            
                                                            
                                                            
                                                            
                                                            
                                                            
                                                            
                                                            
                                                            
                                                            
                                                            
                                                            
                                                            
                                                            
                                                            
     111111111111                                           
     122222222221                                  11111    
     123333333321                                  122211   
    112322222232111                       111111111123221   
    122321111232221                      1122222222222321   
    123321  1233321                     11223333333333321   
    123221  12223211                   112233222222222221   
    123211  111232211                11122332211111111111   
 11112321     12332211             111222332211             
 12222321     1223322111111111     12223332211              
 12333321     1122332222222221111 11233322211               
 12322221      112233333333322221 1223222111                
 12321111       11222222222333321 12332111                  
 12321           1111111112222321 123221                    
 12321                   111123211123211                    
 12321                      12322222321                     
 12321                      12333333321                     
 1232111                    12232222221                     
 1232221                    11222111111                     
 1232321                     11111                          
 1222221                                                    
 1111111                                                    
                                                            
                                                            